NB_NODE	TIME PF_SIZE
10 0.03510129702044651 45
20 0.11367466597585008 95
30 0.12621875904733315 145
40 0.07793813600437716 195
50 0.10671893297694623 245
60 0.2579120460432023 295
70 0.41926524695008993 345
80 0.4891197539982386 395
90 0.5508719909703359 445
100 0.6550554989953525 495
200 5.039027493039612 995
300 15.046748508990277 1495
400 38.79058627196355 1995
500 74.52032772998791 2495
600 129.4688138749916 2995
700 208.07557295099832 3495
800 309.6641623399919 3995
900 445.74572707898915 4495
1000 622.4800989289652 4995
