NB_NODE	TIME PF_SIZE
10 0.0480728909606114 90
20 0.09385950909927487 190
30 0.20017097692470998 290
40 0.21082193206530064 390
50 0.3094462939770892 490
60 0.6484883389202878 590
70 0.8147532939910889 690
80 1.3569923049071804 790
90 1.6987352719297633 890
100 2.4858079699333757 990
200 23.022540772915818 1990
300 76.61964380496647 2990
400 190.14752375800163 3990
500 391.38286405196413 4990
600 953.0483849029988 5990
700 1433.802247801912 6990
800 2070.6706208279356 7990
900 3198.6842508659465 8990
1000 4761.117570915027 9990
